Date,Month,Quarter,Year,FiscalMonth,FiscalYear
01-01-2024,1,1,2024,10,2023
02-01-2024,1,1,2024,10,2023
03-01-2024,1,1,2024,10,2023
04-01-2024,1,1,2024,10,2023
05-01-2024,1,1,2024,10,2023
06-01-2024,1,1,2024,10,2023
07-01-2024,1,1,2024,10,2023
08-01-2024,1,1,2024,10,2023
09-01-2024,1,1,2024,10,2023
10-01-2024,1,1,2024,10,2023
11-01-2024,1,1,2024,10,2023
12-01-2024,1,1,2024,10,2023
13-01-2024,1,1,2024,10,2023
14-01-2024,1,1,2024,10,2023
15-01-2024,1,1,2024,10,2023
16-01-2024,1,1,2024,10,2023
17-01-2024,1,1,2024,10,2023
18-01-2024,1,1,2024,10,2023
19-01-2024,1,1,2024,10,2023
20-01-2024,1,1,2024,10,2023
21-01-2024,1,1,2024,10,2023
22-01-2024,1,1,2024,10,2023
23-01-2024,1,1,2024,10,2023
24-01-2024,1,1,2024,10,2023
25-01-2024,1,1,2024,10,2023
26-01-2024,1,1,2024,10,2023
27-01-2024,1,1,2024,10,2023
28-01-2024,1,1,2024,10,2023
29-01-2024,1,1,2024,10,2023
30-01-2024,1,1,2024,10,2023
31-01-2024,1,1,2024,10,2023
01-02-2024,2,1,2024,11,2023
02-02-2024,2,1,2024,11,2023
03-02-2024,2,1,2024,11,2023
04-02-2024,2,1,2024,11,2023
05-02-2024,2,1,2024,11,2023
06-02-2024,2,1,2024,11,2023
07-02-2024,2,1,2024,11,2023
08-02-2024,2,1,2024,11,2023
09-02-2024,2,1,2024,11,2023
10-02-2024,2,1,2024,11,2023
11-02-2024,2,1,2024,11,2023
12-02-2024,2,1,2024,11,2023
13-02-2024,2,1,2024,11,2023
14-02-2024,2,1,2024,11,2023
15-02-2024,2,1,2024,11,2023
16-02-2024,2,1,2024,11,2023
17-02-2024,2,1,2024,11,2023
18-02-2024,2,1,2024,11,2023
19-02-2024,2,1,2024,11,2023